1.8420795311261555 4.6075716044822821;
5.6585831206188155 4.7999640544415429;
6.35257892020234 3.2908544987542663;
2.9040165252813628 4.6122041128150659;
3.2319791572074426 4.9398940528262951;
1.2479226797003768 4.93267846009402;
1.9761988616251198 4.4348967423818753;
2.23454135329173 5.0554716813449776;
2.9834075716604347 4.8404640612535186;
2.9797039069259328 4.8067108079865948;
2.114964111296854 5.3737358652876246;
2.121695429851929 5.2085421155522749;
1.5143529031080689 4.77003303264906;
2.1697922709882342 5.2743535383415079;
0.41852373244212138 4.8831252183492859;
2.47053694822282 4.8041894408546746;
4.060691324409988 4.9950386207400967;
3.0070893379030883 4.6789775773768252;
0.66632345593920239 4.8718794904188423;
3.1621865030153282 4.8365830057633223;
0.51155258039721851 4.9105292295025889;
3.134280099558564 4.9617811391534037;
2.0497459500708168 5.6241394959880955;
0.665827852422697 5.2439925748393117;
1.0173201258293543 4.8447364691927177;
2.178935676285175 5.29758701369049;
2.8596261496674256 5.2604199733234527;
1.3088258835996913 5.3015870091018789;
0.99253245544517177 5.0156742375774757;
1.4037263817193335 4.5752768443948417;
2.6604657242084988 5.1962384785661246;
2.7999588192935536 5.1152632270515932;
2.0699534537501649 4.68467130341947;
3.2976518091928098 5.592055349989062;
1.8929765958025335 4.890432088944249;
2.5598306396203334 5.2639775641751463;
1.1535403120655019 4.6786671743373223;
2.2515075383287666 5.44500310210926;
2.2096029550788012 4.9146926414522065;
1.5914193717920568 4.8321257266433921;
1.6783803760299154 5.2690382174802215;
2.5914864171878738 4.9259339354549114;
2.8099644223368205 5.5384989897141637;
0.95311627201894211 5.5803710757048366;
1.5177527591280904 5.0383663769056968;
3.2311424765560437 5.7842966460134546;
2.5418001057260593 4.8109873755149328;
3.8142286544291366 4.7352679649251863;
1.6849582905042171 4.5964355345526;
2.1777717336419573 4.8615401885031382;
1.8173327959912597 5.1333390670037558;
1.8577655344165476 4.869624135455342;
3.0308430076969914 5.2405758213408378;
2.9265829487849206 5.0966792288416878;
3.4349354315667204 5.3408074119568729;
3.2036711623332779 4.8592475865593912;
0.10511803945886711 4.7291634384614127;
1.4059791628972462 5.0663682249964532;
2.241850515528486 4.9244617023247255;
1.3667839525662497 5.2616109535377227;
1.707254821599876 4.0423147944003865;
1.9190956589454178 5.5784844650155083;
1.6015673131509769 4.6445301159818486;
0.37963437143864875 5.2619472941035275;
2.0213450243381597 4.4126744492228394;
1.1203673729034169 5.2088074683026537;
2.2690142804657305 4.6181888277084706;
-0.24512712766170175 5.7401923663878964;
2.128578426246194 5.01149793096124;
1.8441998110251225 5.0315394797490276;
2.3255825322728683 4.7486796190507556;
1.5233411310579263 4.8791615932566605;
1.0228512846407858 5.010506504958272;
1.8538273720727831 5.0075248231180742;
2.2032165835580124 4.9451637873213485;
1.2009998119131844 4.5782976288292554;
1.0206270273889793 4.6299111911276034;
1.6049322661036021 5.1366313907418641;
0.4764735513254672 5.1353597728678482;
0.36391720409668116 4.7333282259158596;
0.31319845004821811 5.5469464355639593;
2.2866483910158673 5.0076699033457537;
2.154601389641329 5.4628295907858009;
2.0528851765061513 4.7795855885689829;
4.8880433165682042 5.5067079522367282;
2.4030474669241761 5.0814732573212433;
2.5686945295366739 5.206878859954676;
1.8297599254285273 4.5965728828182124;
0.54845223201817794 5.02672980169041;
3.1710961866569121 5.5946451953472973;
3.0420206940609891 5.0075837303182729;
2.4042777498448449 5.02587069662433;
0.17783466446688756 5.2976503176649192;
2.6142867842398347 5.2228741416737314;
2.3009779823162417 4.9723584399104608;
3.9077931723316217 5.0946467599986356;
2.0567054240880105 5.2339132551515748;
1.3813349700697428 5.0019496240921759;
1.1607417785188763 4.6772792684772933;
1.7281819943472312 5.36028437434454;
3.2036062057779144 0.72221490342365868;
3.0619291841575449 1.5719210992485262;
4.0171491694692829 1.1607064678528025;
1.4026082193785905 1.0872653580630562;
4.0816495075300816 0.872003428739607;
3.1527308085072985 0.98155871146978135;
3.4518635089270657 0.427840834415254;
3.8538431375932065 0.79204790335061936;
1.5744925512126997 1.3481112594910267;
4.72372077755589 0.62044135845940551;
2.8796108406812584 0.75413741106601617;
0.96791347673342321 1.1616681947644747;
1.5317810704822732 1.1005485242324748;
4.1383591521787286 1.2478097932507732;
3.1610902148156015 1.2942289318415272;
2.9517703890826166 0.89583143246419106;
3.2784429546227427 1.7504392615206619;
2.1270184993118018 0.95672042495826226;
3.3264888481347885 1.2801906639493872;
2.5437148945678403 0.95732715899860665;
3.2339469998943615 1.0820232401768624;
4.4315297627045966 0.54041000303653264;
3.5647862538954813 1.1176471426578489;
4.2558848209862781 0.906439572236069;
4.0538658133883718 0.5329186210157868;
3.0897017602678742 1.0881444823769872;
2.8473445933325423 0.26759253193168586;
3.6358604869258224 1.1216019434923548;
1.9553886372594917 1.3215685691615027;
2.8838400473503127 0.80454506496766187;
3.4844438727906262 1.1355144824379535;
3.4979841247630632 1.1004640210347765;
2.4557593396383481 0.78904654164250232;
3.203800095269826 1.0272807463558216;
3.0067725368673575 0.625191281541267;
1.9654797376088771 1.2173076049288782;
2.1798933319744465 1.3087983050862291;
2.6120702931928359 0.9907685574084989;
3.9554991153824592 0.83269298971650985;
3.6484648165475164 1.6284969743086939;
4.1845001065264444 0.45356203120082073;
3.7875723017568395 1.4544290445226997;
3.3006365498721384 1.2810758821084063;
3.02836363232283 1.3563518898673259;
3.1841217562056885 1.4141079887295975;
4.1691189662253318 0.2058103774770208;
3.2402421110190929 1.1487623727645102;
3.9159606777688518 1.012257735490282;
2.9697971618738923 1.0121030599292014;
1.1299385570386 0.770852843682668;
2.7173079863289109 0.48697554618095595;
3.1189016958972675 0.69438335552254349;
2.4051802002605527 1.1177812268842691;
2.9581842907871807 1.0188709568753616;
1.6545630850790554 1.1863117476010434;
2.3977580681531183 1.2472138735497558;
2.2840930500886749 0.64865469039646229;
2.7958872430762538 0.99526663655139569;
3.4115627708591223 1.1596362974706589;
3.5066352127611102 0.73878104419415969;
3.9361602886035065 1.4620293406882425;
3.902066572515992 1.2777875070483129;
2.6103639606333631 0.88027601882737938;
4.3727186103159665 1.0291409195709396;
3.083491363119661 1.1963264443568253;
2.1159935015877323 0.79303650008834325;
2.1565340448710151 0.40358860683519182;
2.1449110116820922 1.1358239904983922;
1.8493552407584715 1.0223264369802809;
4.1590816014341261 0.61720732503627085;
2.7649449923813241 1.4314895057112693;
3.9056115317583586 1.1657531498432012;
2.5407167244780982 0.98392515862974139;
4.2778306814181351 1.180136796728559;
3.3105816690186938 1.031244609451246;
2.1552066134620271 0.8069656235345628;
3.713636588104567 0.45813208161612562;
3.5401018635547064 0.864461352047468;
1.6051999144777123 1.109805302134234;
1.7516433715618278 0.68853536090484335;
3.124051226487953 0.67821756653040777;
2.3719878528947334 1.4278960719163036;
2.5344601927885222 1.215620812788234;
3.683446503425531 1.2283453753607989;
3.2670133962830579 0.32056675862367434;
3.9415913915350482 0.8257743797704139;
3.2645514018838435 1.3836868984255504;
4.3047113824660173 1.107259950849141;
2.684993757562959 0.3534494332134992;
3.1263518404412638 1.2806892975237558;
2.9429435569199853 1.0282507625569379;
3.118765410908555 1.3328545857591181;
2.0235897790944337 0.447716138160535;
3.6220293145541915 1.2864376300924134;
2.4286587861147773 0.86499284526695586;
2.0951729618655994 1.1401049110506878;
5.2923945213069334 0.36873298030350454;
2.0729170855338177 1.1676385057503424;
0.94623208257571667 0.24522252838203717;
2.7391190758863186 1.1007228390095829;
6.0050653363988271 2.7278417135873836;
6.0569641091736495 2.9497043325204046;
6.7701276667215211 3.2141142153835891;
5.6403467810014893 2.6938528220486404;
5.6332540274074381 2.9900233862795895;
6.1744315653634381 3.2902648803675434;
7.2469479417451383 2.9687742421277563;
5.5816290639306558 3.3351037462060464;
5.3627205043367354 3.1468119220583373;
4.70775773362377 2.7871086948409309;
7.4289209810041568 3.4667948964889295;
6.6410724825335308 3.0599873792651504;
6.374736515665913 2.5625305919319183;
7.2878032440484066 2.7517988465447667;
6.2029523094848535 2.6785617898769707;
5.3873604126819981 2.2673734575482882;
5.6673103006774568 2.9647786730521912;
6.5970215517864847 3.0708237602069488;
7.7566055937137683 3.1560446461824103;
6.6326274526179381 3.1479918263301512;
5.7663495877683415 3.1427170744346853;
5.9942315420309251 2.7570785849923065;
6.3787040728542168 2.6502232087571338;
5.7403623337850318 3.103913060350143;
4.616524417150913 2.7932071508556473;
5.3353399873264955 3.0392869442977948;
5.3729391247936915 2.8168477557292779;
5.036111615427723 2.924860873447376;
5.5290867676603366 3.3368157649782879;
6.0508694248574475 2.8070259443516634;
5.1320089984299422 2.198121948150304;
5.7328494488658013 2.8773813216769755;
6.7811073195472442 3.05676866020901;
6.4483444869925277 3.3529922496221007;
6.3994148193664993 2.8975694844683377;
5.8606792471476981 2.995771287055466;
6.4476518305775876 3.1656094546343536;
5.3670811096515587 3.1950255161881342;
5.8873556526849535 3.346155661401808;
3.9616246541869216 2.7202504633005398;
6.284381932579608 3.1736064316433823;
4.2058478882454491 2.8164736834371635;
5.326155813846448 3.0331404722726076;
7.171352036284695 3.4122727007565823;
7.4949275028380011 2.8401875400218235;
7.3980724146280608 3.4848703059391672;
5.0243298410149819 2.9868317853348563;
5.3171247830740462 2.817413560279757;
5.8765523655388519 3.2166110911545611;
6.0376283316806214 2.6830351150892136;
5.9128027273545687 2.8563193765165886;
6.694513582424757 2.8905608260964262;
6.0101797788609845 2.7240133819358432;
6.9272196843741982 3.1996002557910534;
6.3355952191080576 3.30864291189389;
6.2425707075521615 2.7917926875951311;
5.5781229383636131 3.2476601625393422;
6.4077386257457691 2.6755495094705086;
6.8002952564413812 3.1757957799611196;
7.2168403287807159 2.728965745190048;
6.5110073996533924 2.7273190659262743;
4.6063053399267906 3.3294580032523862;
7.6550322634721981 2.8709562842387761;
5.5029575906162593 2.6292463440042564;
6.6306069857897931 3.0150230103004509;
3.4592800643452866 2.6847844475232638;
8.2033981533598173 2.4169349520394388;
4.9567942756934205 2.8977629690435815;
5.3705266707654662 2.4495481341998326;
5.6979786643079917 2.9497713197338848;
6.2737627099547835 2.2425603608903111;
5.05274526001882 2.7569216296979731;
6.8857558373289995 2.8884526925730594;
4.1877441962599642 2.8928346339770745;
5.975103279293128 3.0259190998465844;
6.0945712948026856 2.6186797499143779;
5.7239569743540732 3.0445421937904706;
4.3724976734933474 3.054882171401887;
6.29206262170893 2.7757385563841761;
5.1453303508687283 4.1322569150572228;
6.5870565048545968 3.3750834527668738;
5.7876909544557 3.2925512732268567;
6.7279809787128873 3.0043983002254349;
6.6407893862308711 2.4106883885905326;
6.2322887773985389 2.7285090223319393;
6.2177272377319088 2.8099463321770597;
5.7811630103560576 3.0798778670156208;
6.6244725318509623 2.7445374257067661;
5.1959082303610762 3.0697293653517796;
5.8717718057246442 3.2551773046247563;
5.8956209941705788 2.8984397742768819;
5.6175431980263761 2.5975071032740491;
5.6317610310041752 3.0475874723810077;
5.5025865902428182 3.1186907542764959;
6.4821262829283466 2.5508513971354039;
7.30278708280303 3.3801597885210763;
6.9919843406117508 2.98706728722547;
4.8255340955113812 2.7796166391805075;
6.117680550153719 2.8547565521647953;
0.940489440353196 5.7155680239431277;
